2-комнатная
68.04

Забронировано
2
17
28.11
20.68
1


1-комнатная
35.52

Забронировано
5
58
13.41
13.9
1


2-комнатная
59.78

Забронировано
5
66
30.24
15.44
1


2-комнатная
56.78

Забронировано
7
89
28.69
12.79
1


1-комнатная
39.03

Забронировано
10
119
12.83
15.51
1


1-комнатная
44.66

Забронировано
10
121
14.6
20.25
1


1-комнатная
40.76

Забронировано
13
165
14.23
17.1
1


1-комнатная
40.76

Забронировано
14
176
14.23
17.1
1


3-комнатная
76.8

Забронировано
15
186
42.92
12.92
1


2-комнатная
59.78

Забронировано
16
199
30.24
15.44
1


3-комнатная
76.8

Забронировано
17
208
42.92
12.92
1


2-комнатная
59.78

Забронировано
19
228
30.24
15.44
1


1-комнатная
63.37

Забронировано
21
245
13.68
27.05
1


2-комнатная
59.78

Забронировано
21
246
30.24
15.44
1


2-комнатная
59.78

Забронировано
23
264
30.24
15.44
1


3-комнатная
106.9

Забронировано
24
267
48.62
30.99
1


3-комнатная
106.9

Забронировано
27
293
48.62
30.99
1


Студия
32.61

Забронировано
3
321
20.47
2.63
2


1-комнатная
40.49

Забронировано
12
400
13.32
13.8
2


1-комнатная
51.26

Забронировано
14
412
15.77
19.58
2


1-комнатная
51.26

Забронировано
15
420
15.77
19.58
2


