2-комнатная
56.78

Продано
1
10
28.69
12.79
1


1-комнатная
44.66

Продано
2
16
14.6
20.25
1


1-комнатная
35.52

Продано
2
18
13.41
13.9
1


Студия
22.78

Продано
2
22
11.25
3.01
1


2-комнатная
56.78

Продано
2
24
28.69
12.79
1


1-комнатная
40.76

Продано
4
52
14.23
17.1
1


2-комнатная
76.01

Продано
6
70
34.11
20.68
1


2-комнатная
56.78

Продано
6
76
28.69
12.79
1


2-комнатная
59.78

Продано
6
79
30.24
15.44
1


1-комнатная
39.03

Продано
7
80
12.83
15.51
1


2-комнатная
76.01

Продано
7
83
34.11
20.68
1


2-комнатная
59.78

Продано
7
92
30.24
15.44
1


2-комнатная
76.01

Продано
8
96
34.11
20.68
1


2-комнатная
76.01

Продано
9
109
34.11
20.68
1


2-комнатная
76.01

Продано
10
122
34.11
20.68
1


3-комнатная
76.8

Продано
10
129
42.92
12.92
1


2-комнатная
59.78

Продано
10
131
30.24
15.44
1


1-комнатная
44.66

Продано
11
134
14.6
20.25
1


2-комнатная
76.01

Продано
11
135
34.11
20.68
1


1-комнатная
40.76

Продано
12
154
14.23
17.1
1


1-комнатная
40.76

Продано
15
187
14.23
17.1
1


1-комнатная
40.76

Продано
16
198
14.23
17.1
1


1-комнатная
40.76

Продано
17
209
14.23
17.1
1


1-комнатная
55.22

Продано
18
218
13.68
27.05
1


2-комнатная
59.78

Продано
18
219
30.24
15.44
1


1-комнатная
39.03

Продано
21
238
12.83
15.51
1


1-комнатная
63.37

Продано
23
263
13.68
27.05
1


1-комнатная
39.03

Продано
24
265
12.83
15.51
1


2-комнатная
59.78

Продано
24
273
30.24
15.44
1


1-комнатная
63.37

Продано
25
281
13.68
27.05
1


2-комнатная
59.78

Продано
25
282
30.24
15.44
1


3-комнатная
113.31

Продано
29
303
51.3
29.69
1


2-комнатная
72.23

Продано
1
309
28.35
23.03
2


1-комнатная
45.93

Продано
11
390
17.14
17.99
2


1-комнатная
40.49

Продано
15
424
13.32
13.8
2


